1.0,0.3368187633355225,0.3364822970609771,-0.24320670973955652,-0.07179207006222173,-0.3206604169657466,0.1058533271971877,-0.36714305010919795,0.5845640180047007,0.4892339695529732,0.017703075422172625,-0.2950590966253699,0.11511301383749874,-0.5060149570665663,-0.16764721291111206,0.04722900928421589,0.392429608597723,0.5560292356343097,-0.3702376882151675,0.14513522588595665,-0.13403721646220726,0.05329166499901917,-0.23946703621695148,0.10785072117893044,0.27708919806029564,-0.1059332954572363,0.44078798538106073,0.12132518264961804,0.2497036366464552,0.2282336815603868,-0.3408025324864188,0.08174001770330275,0.12023967042246236,-0.14846369676272894,0.11140081696310124,0.46300277824732766,0.10273138002140689,-0.3175978125341118,0.302070901067169,-0.2855656283136687,0.6687325885751638,0.6476363963056166,-0.3492360911988975,0.18743762281950663,0.11504929058254863,0.13440627393126486,-0.24386173705003883,0.4308936655644749,-0.33529527292241934,0.4390935931714602,0.5744891865597777,0.5063019248252967,0.10318513217576916,0.01110858808395064,0.05624315834453496,-0.23252260734418517,-0.32049690528183705,0.15737798717850196,0.15426589336993413,0.3266210455441237,0.11802731156763874,0.018118195513384474,-0.2281153413567859,0.14933254163768575,0.12196419458652928,-0.22042842423545103,0.0433727131518545,0.14426195888416593,0.32151793013508645,0.29745638752147513,-0.15168030548877004,-0.12236389170861661,0.22211085032473343,-0.17086473649959066,0.4091897830099764,0.04500734738637704,-0.07602039522123524,0.5122671679928672,0.4004469831898381,0.3948809789749413,0.16217605916210961,0.028719494771126126,-0.0004425010761605595,-0.0428299682816841,0.23321865252588625,-0.38174354536764604,0.4153666833554872,0.10338531026813165,0.0006339124664562977,0.5167769201024652,0.5047970283426098,-0.29184973161136624,0.3754228610575978,-0.4314263417756021,-0.3183748189301256,0.261355540405638,0.1723757636496463,0.1172800948774968,0.0604989539874502,-0.41067411650794167,0.19264952584280268,0.43731689680405944,0.48249558610772136,-0.07692083724912221,0.11960657965854585,0.29245549755545763
0.3368187633355225,1.0000000000000002,0.8562389046587169,0.2666899703305182,0.20022057190764506,0.28902402606909583,-0.12390963648921069,0.12453544273410569,-0.19688208468441395,0.35586265675100087,0.5960407065114581,0.03822713121494987,0.40196072264249066,0.21394236704249775,0.33460024597350435,0.26689496414757696,-0.3750389078034022,0.5695447283861106,0.045838076546384054,-0.5644120727830207,-0.5061317230381123,-0.1589233269748201,-0.34479260693416985,0.4069023836506478,-0.3064016387795875,-0.2878004934594229,0.07422579687409132,-0.03536576479391047,0.4897236388494333,-0.03925424946661985,-0.296335272633069,0.6559683846578144,0.2951532039454197,0.41680963001507215,-0.2093446358798901,0.6277834899737167,0.3771900486347428,-0.15329507881246163,0.2988262128628942,-0.053157030903241996,0.6415887588814608,0.3613864769269044,0.4042259303256706,0.611198105993485,0.14652386383408814,0.7715827518351207,0.22998552145892456,-0.15218032122481628,0.13487027722183603,-0.3063193888861681,0.7922600365808431,-0.023632944604365953,-0.1490818134605506,-0.45893531149233413,0.08441884759024734,0.27340545268002614,-0.11366457890379317,0.013783373664606349,0.3897892899568968,-0.2703339161175048,0.3656480931886564,0.13558812358321856,-0.2689894755969547,0.4460912528941734,-0.2838158838873811,0.2664904330355365,0.043633622864161455,0.3258095453530173,0.7349843626832258,0.7970071773388957,0.3667158329948662,0.11569620742169826,0.7339866931001565,0.518800464054486,-0.37496524270968346,0.8129220712385723,-0.17893990151939737,-0.3396611197268576,0.7090754666291237,0.2982969473471208,0.32745736489479976,-0.582661520450352,-0.23599848094712347,-0.386434248997367,-0.3995157679791424,0.2007739367977589,-0.15020036747366497,0.6938935012457224,0.28700626437378074,-0.010546912332092784,-0.038646146182157184,-0.36444618994281436,-0.29716737925444364,-0.3747935523138622,-0.06567986128044212,0.000478432318333985,0.10887044472331969,0.09203089969261088,0.3730808128419941,0.23554850820332632,0.8720282299836566,0.025201066085693224,0.9241185657624672,0.5501534877260844,-0.28914061823254905,-0.007098290692909737
0.3364822970609771,0.8562389046587169,0.9999999999999998,0.4834730154806905,0.4050545636425853,0.16440889779837928,0.17510793348481815,0.46493578781986794,-0.038900284274267186,0.46041252965943535,0.6291569818137235,0.34198641468896457,0.6306360758640164,0.08466379154554485,0.383008556773105,0.526094338624261,-0.16629755923294473,0.5920343431105454,0.33735736073645084,-0.29812670124913004,-0.21801684045781317,0.13112424743763174,-0.18842136178819135,0.7019949322381496,0.0749304370365697,-0.12483046035557471,0.15989367565831786,0.06890371610074053,0.5411900794216745,0.036312518232272994,-0.011105629894743282,0.7664001879480524,0.5534280265431797,0.3342113232590875,0.2023754119374868,0.4894113329940591,0.6052885535025453,0.12891333161531177,0.2770320672610052,0.22121372945220089,0.6919792727125971,0.23094445923548537,0.6139870752138025,0.5917608085242759,0.24011956299501735,0.7627343260192968,0.4656736474231074,0.28894511468973066,0.4857435945813414,-0.1373309849696899,0.6769940556012317,0.23822420410263428,0.16750566735414818,-0.30037684772960765,0.264792239425014,0.5583924065493632,0.20649378664894313,0.13429299902916414,0.5299811603721977,0.1110956475784677,0.2607235131349828,0.5048344203480635,-0.023313680920881118,0.5811328210357182,0.09422049362418068,0.599870168960419,0.4368444759046841,0.4185456260812229,0.8231072557731178,0.7559594819444883,0.2634273001834804,0.45778523634717627,0.5205216041154374,0.7326770761889239,-0.235793109815214,0.5546815187461704,-0.12755026558018773,-0.033602327763578355,0.7528130521468946,0.22216585979177428,0.5474076912825425,-0.4053846297122147,-0.06419588050038012,-0.04061826068888626,-0.2046599940366098,0.141216648116987,0.20746360282892898,0.6081175406541043,0.15131337021779956,-0.0852546785191081,0.19495654122315165,-0.1754574970711127,-0.23583558964444667,-0.15310026960076478,0.18970609713705475,0.021562222878340902,0.4056245090271927,-0.2527425306699359,0.45690510018131747,0.28617308063116764,0.7180836962545158,0.42046831017466973,0.8185569377162387,0.6555643849178989,0.060881643151798386,0.03532740226560581
-0.24320670973955652,0.2666899703305182,0.4834730154806905,1.0,0.543788039568345,0.23125164252724942,0.08405164177946467,0.6155313048273086,0.19918556205335106,0.29211096245878404,0.41641046030697615,0.8700042942550191,0.7517829486831997,0.6286512789243406,0.4623687243009018,0.18759779478893668,-0.5137751174326982,0.520105739385619,0.8621086576714934,0.06477801927085308,0.4158562668989064,0.19230268920560945,0.5369428118536417,0.6182010186742573,0.34682392247415494,0.011110136840724627,0.48928850078157077,0.5457424539249608,0.6526389595712386,0.5148679611859311,0.69770257495488,0.7634748600588114,0.175353321096271,0.7760501849470623,0.4372888134836501,-0.16064582701769414,0.8733633887011424,0.5703562900557618,0.2140048547123537,0.7846384924677636,0.12899000010159814,0.041612140527860116,0.6985845166127119,0.023549231053477025,0.6990315618198418,0.691599480533545,0.512648843915972,0.18571685416889544,0.8807048209430184,0.1506564318629744,0.1589783239023842,0.2926401764541811,0.5397312815274617,0.32791821064828325,0.2098623042776236,0.4788841301774445,0.46009186019537796,-0.27162796243949877,0.10779493972058778,0.07434348941744529,0.5168802297285715,0.6054984241403535,0.29413383937280985,0.7106407093475536,0.39023844367541694,0.5966934652087452,0.6296578988983459,-0.28215955410629673,0.2089441790358883,0.20571665062115507,0.5907588632448252,0.7281956488086726,0.478856547827689,0.7155645208373133,-0.31749724177983146,0.05725425619884838,-0.15480876161809312,-0.11511527851862381,0.5291090530889768,0.20267244066155807,0.12449604097932288,0.37119585838536945,0.5165802331210848,0.5980337112833463,-0.3279202303974112,0.5663898494962011,-0.13828088494755053,0.25723892041690655,0.4878508839653462,-0.11640496091624934,0.43475746472624943,0.19811672698539262,-0.37703959265219883,0.5692645970984205,0.8345363781567848,-0.14139176809534643,0.2642348716725024,-0.031608602383550816,0.797509125547318,0.18726718209214313,0.07005985331924171,0.4295982183633244,0.1363867265567503,0.4863685857793908,0.43557053071271556,0.1865283149226196
-0.07179207006222173,0.20022057190764506,0.4050545636425853,0.543788039568345,1.0,0.522159101542198,0.03358332120637172,0.3761717990299912,0.37755652900582504,-0.17643581042791565,0.7022279395693294,0.2649869520807645,0.27721727283217223,0.3316670941327908,0.8200822802722745,-0.16774180635841274,-0.08360893820337645,0.038548106522686774,0.34809440483827553,0.4447613571398386,0.6482086339012015,0.04238013505840545,0.6014337700911421,0.7201727550950876,0.14411346792391586,0.2405911592162454,0.38224962538800933,0.33698506978804804,0.09945997954736685,0.5058603964572531,0.6624002899811204,0.13385158436313135,0.7381789622578973,0.3328017936920511,0.7501106365073102,0.35336320502793495,0.7064945515479705,-0.03377028141487902,0.7592457741358146,0.3416891647711502,0.3975142954357478,0.18398213850712303,0.46811611513549634,0.11506535023795272,0.006312261577147843,0.3137761085106483,-0.036385504694112655,0.13059442430683724,0.45663419632261154,0.5025898381306763,0.2922324708664602,0.5731030563437732,0.3292267235471549,0.4946334734781316,0.828237269720321,0.0594010291053452,0.49419240554991767,0.487851652192879,-0.20096813762626364,0.1262909490047098,0.5010959297345807,0.05599267712833572,0.5843841022933562,0.15954992941798385,0.023932483747093374,0.09639916323491532,0.39558006210994745,-0.17601319685506614,0.07058709290877929,0.36766783185822494,0.6095086210869117,0.18188263264322482,0.06690513262279205,0.5862580224443333,0.324857640969383,-0.23216091383937063,-0.103516670357538,0.1929342785107285,0.1822629596332117,0.6243949156474792,0.5128405992829358,0.17797180173071872,0.7407475752504986,0.47611304970055013,0.29253161212067896,0.6871119651819882,-0.08496138692220478,-0.24386596251836393,0.39982604414948186,0.38478930064959904,0.0869971899582109,0.624322448400033,0.18169125747798115,0.5641625491185513,0.26070369262419657,0.5925823545502014,-0.03473141799220233,-0.09760143041176705,0.5842092412816765,0.43024092758061355,0.06585017394888086,0.37916400519029586,0.05419514183850408,0.06364938866724232,0.7223183143354751,0.6562169968158458
-0.3206604169657466,0.28902402606909583,0.16440889779837928,0.23125164252724942,0.522159101542198,1.0,-0.11563927011096024,0.2670814459146378,-0.20196014103643253,-0.5568317405214906,0.8058692410109918,-0.05801078454763171,-0.07978622425810859,0.38403327575419005,0.8534115727310988,-0.21922440039859323,-0.41423708959399147,-0.12466038053838337,0.007124693362564577,-0.21738250322450445,0.13021603360749567,-0.25660877738452204,0.3842234351499459,0.38192881556192326,-0.5908862959636916,-0.09573498214073728,-0.2425362037186599,0.13034391777609308,0.045051379755974036,0.1623696957550445,0.22524376729196066,0.04792912806314479,0.47209037327354547,0.43550224860109277,0.1330979278103005,0.19958227295257255,0.15851344470637327,-0.10684530533829736,0.6419101339133579,0.17923789507950663,-0.17366835324753993,-0.19262737472777933,0.23755266649514586,0.004096594097461132,-0.36889625454543423,0.08197181567364176,0.06687981159683083,-0.4441313478445144,0.1243625691112591,-0.06856735567964148,0.21933952729060016,-0.06904612581488141,-0.5211609311641116,-0.08522584391859267,0.593185560835364,0.003821454131301767,-0.11889028119282713,0.20609560970167107,-0.05307716254114978,-0.34169359095730856,0.5785703620282632,-0.2952553387682895,-0.062085951294006334,0.10158850988777762,-0.6730450043723037,-0.17566975742612426,-0.057386587290656155,0.09205731380390272,0.034157084073610115,0.6148353890428336,0.5696302159673348,-0.2866683225400454,0.3484557891702091,0.3943646609649701,-0.010286972964925006,0.2336119722851667,0.4951668924755875,-0.4467195528807928,0.02999164222211542,0.5758713135936175,0.2563638705440065,-0.1776304133982462,0.23892814424426734,-0.10233472808516979,0.0911023908553239,0.6726871703258004,-0.45430360077226173,-0.027478719633866562,0.520618373354007,0.40430508029061024,-0.4922006510768884,0.2023344986574144,0.1319058437659675,0.34219329876465415,0.12457010663456623,0.18436448054462917,-0.6109994904831694,0.26528178170515737,0.0821569158833333,0.6306799879441596,0.46555232723674067,-0.49320604827138337,0.04825489226559993,0.37786177428096485,0.1738053584673578,0.39656912054763627
0.1058533271971877,-0.12390963648921069,0.17510793348481815,0.08405164177946467,0.03358332120637172,-0.11563927011096024,0.9999999999999999,0.6824009324009322,0.009719366143027966,0.1399449993206334,0.1414376393364014,0.15174401750755376,-0.0773538021833659,-0.4706644943277284,-0.14449309053188303,0.6688673168980598,0.6314993793764453,0.008467785571288126,0.3624293836078952,0.34019482729412087,0.2257666830353369,0.9485771917089307,0.261184993487801,0.43800739265388794,0.5165569636098623,0.7050012416406394,-0.2172498614955519,0.5021581639426524,-0.20246460579007985,-0.37922422641048825,-0.08727249411461287,0.07472648016181226,0.1778750639898268,-0.4068208844105642,0.5120212164983672,0.05328430577557431,-0.06211626736223103,0.46376761666916355,-0.04171363059299546,0.18688704087441493,-0.0697793693085009,-0.2916532459994519,0.4208190032751729,0.4647285833108774,-0.15550167847183793,-0.2734996623469112,0.5421407852392938,0.725961867991574,0.24793826920631207,0.14208507669923703,-0.4576038334356971,0.49023191766968377,0.26215212506885166,0.10491713716713948,0.365635686409521,0.4202021252545715,0.4667099633520609,0.4716380115605867,0.5996568952769163,0.8901697945238531,-0.502066189057877,0.5032551479455727,0.3772910455978277,-0.08650712690016439,0.5321141698752162,0.3061662581917868,0.30646947715078016,0.4580912201342065,0.41718010299648056,-0.06385515920129967,-0.6054116877607593,0.28276175343013565,-0.2314826352972769,0.10045308200859034,0.44274971078303477,-0.03820603874947987,0.2507458153354132,0.6180758379355856,-0.25081436657553163,-0.3146149468522409,0.719037846708657,0.2144568150496374,0.0845845441605458,0.08346977021148591,0.6079557834708836,-0.41546806264170233,0.8243461324744479,-0.20040438116152795,-0.6462561700791315,-0.0025034639167236697,0.2168645205313549,0.40030551439375994,0.5589289279005868,-0.03187734570722177,0.17519017388183686,0.14211961282627988,0.6112376681312464,-0.11058519591265448,-0.3461889152164503,0.40005489168148667,-0.05425951638695366,0.28335798529374273,0.1124675439710867,0.34989442483402977,0.4275744808062456,0.25044275593911525
-0.36714305010919795,0.12453544273410569,0.46493578781986794,0.6155313048273086,0.3761717990299912,0.2670814459146378,0.6824009324009322,0.9999999999999999,-0.2492418276677853,0.03102554230221591,0.4822935651905862,0.637781246516711,0.380537356099956,0.12181660413155931,0.3248905247716884,0.696380140719278,0.01710250936408672,0.07154414747986296,0.7756920105269621,0.026857486365325395,0.27006568180891377,0.6563689147002174,0.3464184618507326,0.7168260267153942,0.3065645321730949,0.38110293129073475,-0.2211548919598218,0.36940664119218,0.15168674139863808,-0.18968732626085905,0.34701205993191303,0.5011473119108693,0.41325648781154695,0.1437529626892454,0.5088280689056115,-0.12023519141865906,0.3774033820038583,0.7126452738415043,0.004928192643898258,0.6254823034670732,-0.1323029192420029,-0.5025725761236493,0.8332868065821551,0.3454847720591266,0.07623480615889548,0.20386672991448024,0.8384661833825103,0.45624141772539056,0.7924755894257826,-0.1493370560392736,-0.2622979293075657,0.20728489379021683,0.2577865609544663,-0.012768507895707628,0.39426876104529274,0.7972845720795039,0.6277260846505905,0.19965669603860686,0.5915093831128279,0.48562745885018294,-0.10799851188383425,0.7101211903328385,0.36623219716799404,0.3384280411797166,0.3811127789222549,0.7305019493698772,0.6025448199274847,0.40030193472183684,0.49376389001998905,0.23152274788255658,-0.06277310126551648,0.6326901479004593,0.015941415343284526,0.6855663947390392,-0.08990364682234443,0.1321529773162979,0.24753524151549758,0.08971288570974265,0.10510697896429355,-0.21680719135413493,0.6176550700577617,0.05251694765153434,0.1438727760487789,0.27127675318732913,0.13042607329586448,0.15488940931817854,0.40660315993672086,0.13938791506494608,-0.20384248355299708,-0.29329042655154736,0.07514990706048583,0.3393721799724728,-0.010719867930296726,0.3583736648837666,0.619212606698721,-0.09994409554032016,0.4581114382089404,-0.32965254122298426,0.10815535265489629,0.6674129071260155,0.16665422890278617,0.24658099091074764,0.12192995752634644,0.699618252678867,0.38154924067640217,0.057653244402406295
0.5845640180047007,-0.19688208468441395,-0.038900284274267186,0.19918556205335106,0.37755652900582504,-0.20196014103643253,0.009719366143027966,-0.2492418276677853,1.0,0.27991866721413056,-0.038536539927596467,0.09579650105641793,0.20836368567091035,-0.07723636708336405,0.0972370493177399,-0.3728586914918302,0.2550342727654877,0.3818760538285954,0.029433843354557055,0.7283167599850924,0.6470614672134243,0.07892910258693447,0.505665796188552,0.1924131923221567,0.6013343727455255,0.11708961195156202,0.8574827061492244,0.5130429862959679,0.22644710406542282,0.7938001362187967,0.45433103206742154,-0.06296604967731055,0.11902002668909782,0.15075157422762112,0.5971680612789895,0.08756827293714808,0.47542555699495975,-0.0916797677433425,0.49196078667472526,0.15175240503147383,0.40293887150093083,0.6155209056606142,-0.25744209680070074,-0.29482245585499633,0.38971642565518433,0.047913893583240226,-0.386593579357747,0.44378689374518426,0.014823480458455402,0.946534079676059,0.23548830521066894,0.7835020126838039,0.5514667433795998,0.7551791567334798,0.2999733991951153,-0.38315364513167804,0.06264715797991666,0.10263577464272113,-0.37220207704483094,0.38310568015201957,0.40142934333941277,0.028968978655090214,0.29018387221485464,0.15903103021107423,0.39955516928459633,-0.2779604739529879,0.29641388628996385,-0.49877683198866846,-0.26591179179602553,-0.11845995865622289,0.23998738527108088,0.07955668374927044,0.022308241460633753,-0.0997290029017076,0.6019928019126211,-0.5919432980353527,-0.15492051791250055,0.6531921740217755,0.18509368147062383,0.5949702844149142,-0.030112020684583986,0.7263496458846526,0.7366141691473571,0.653693615305874,0.35284775030819887,0.11677988138116076,0.18254249765500957,-0.37589356679422237,0.325488166827687,0.6635298882426067,0.7229782541995797,0.2702897449492426,0.4048846511864675,0.3340451650479403,0.14849880070220176,0.4516324386153155,0.046180208305752826,0.18847085341174324,0.4610400892196813,-0.4430939246922573,-0.4276883101576979,0.6415509971199911,-0.1443527159412797,-0.3951055907764666,0.7086896775044252,0.6366670945259678
0.4892339695529732,0.35586265675100087,0.46041252965943535,0.29211096245878404,-0.17643581042791565,-0.5568317405214906,0.1399449993206334,0.03102554230221591,0.27991866721413056,0.9999999999999999,-0.27764006239142647,0.2726975269053834,0.4147920365234961,0.03150010436005724,-0.4483739552503389,0.24534167120370337,0.10793572446051242,0.57317026404242,0.22256242787988603,0.02028209963374946,-0.22599028652269035,0.24487069287576374,-0.15632585208391533,-0.018626181526872284,0.49261532377483747,0.06228420198394277,0.500884422534089,0.2527472316105903,0.36746376374126627,0.13512484931653018,-0.08316709169189841,0.5265220081856331,-0.15263439641727203,0.1970339125611036,-0.05986263064924707,0.234650018985659,0.3027739885767741,0.14158058776297003,-0.29487409821233396,-0.06198382554366831,0.5720157093815537,0.595603501423703,0.287720155684378,0.36896134905086525,0.6020381356943433,0.5073121475180233,0.13445722156395745,0.35386421019829845,0.16798811946036188,0.09903360623840664,0.30972924571865174,0.20251593427410014,0.5871125393867243,0.08172853358523238,-0.37368439736252285,0.2319620051420339,0.19902295047105414,-0.1880850253756079,0.13913011537905368,0.20671292090296947,-0.08177071018518534,0.4583576873475008,0.0718217371008637,0.31667388117915274,0.6047614203875527,0.426672008313958,0.19302362133304865,-0.08887661155099885,0.2648195466213501,-0.02988597429184697,-0.02528249098456988,0.490657479662559,0.3925698121559449,0.11466928502744728,-0.13284133357454755,0.3179667741483992,-0.3393150405335762,0.27720447456698694,0.48547329509914783,-0.14310755170935566,-0.01707915480166481,0.09326264071863119,-0.01731222075283793,0.022762377277954434,-0.2796889622533771,-0.27762839930284916,0.29607350635046603,0.5206549813122473,-0.05644346676445467,-0.25326140422493904,0.5186218384068713,-0.2124707608281383,-0.2819732145639711,-0.22391586045317613,0.10202957782073412,-0.06409230054225917,0.7076989643269824,0.11970815891761273,0.34466897608854147,-0.4459975369613328,0.16682851594838666,0.5361523710678974,0.5610455950258801,0.06802253810566236,-0.037537674700667156,-0.224000307310366
0.017703075422172625,0.5960407065114581,0.6291569818137235,0.41641046030697615,0.7022279395693294,0.8058692410109918,0.1414376393364014,0.4822935651905862,-0.038536539927596467,-0.27764006239142647,1.0,0.1385421389694533,0.26681569824379114,0.19849813028217098,0.8891133734652449,0.1648650910528115,-0.27461057033165515,0.25048369842293333,0.2225807451155285,-0.15260701523041706,0.15204511624869949,0.018827952957685905,0.2805533380275989,0.8012989390211361,-0.26834229257492576,-0.02717017869124856,-0.03973604197353297,0.2407242755859079,0.3013142427540214,0.16701381104866656,0.19264583305113966,0.37980596243556625,0.6877883581221038,0.39267332877411226,0.40109820811070085,0.4111205684204634,0.4907591252464087,0.014875068307710095,0.7637518675554019,0.32855998511564455,0.25658047793714966,-0.05430331861797993,0.4578245490223109,0.3157940097132244,-0.16846773817851407,0.38872230700632837,0.3019096966358124,-0.010326418358772427,0.36258810084472337,0.040996259409430406,0.46395371129946267,0.2938398657652757,-0.23297002134384462,-0.10992508378116458,0.7483114661264154,0.2532777580751203,0.07121307755231515,0.3455148624230975,0.3030669549866002,0.0027962384352197786,0.5528225635727867,0.07984432847315841,0.03167523993870294,0.3643541925539178,-0.37942720982980843,0.11568981347229147,0.272072981437022,0.3065854054048287,0.5190684486636625,0.8296065372381838,0.4766210306729855,0.021340837674231023,0.42468401518816334,0.6568588610177434,0.04857766324480759,0.30366573251868845,0.2490143905489224,-0.16841442970784457,0.36692792489973397,0.6001006658393218,0.6213298626450475,-0.226213816461268,0.25829901394168675,0.032156661284133636,0.14174273548748886,0.5406102784716097,-0.09469517015788981,0.1078173757801012,0.3933336282957279,0.40062078431977344,-0.1300421420192518,0.17642497851421338,0.1758827465921054,0.1913530183867131,0.2109663622001299,0.2518552492355568,-0.2182606524880276,0.0019814599673544544,0.3033722572627043,0.6771094845978894,0.6004998494882033,-0.023496509558275286,0.4068455837261275,0.6068030436482069,0.3309564494306358,0.5198117574798007
-0.2950590966253699,0.03822713121494987,0.34198641468896457,0.8700042942550191,0.2649869520807645,-0.05801078454763171,0.15174401750755376,0.637781246516711,0.09579650105641793,0.2726975269053834,0.1385421389694533,0.9999999999999998,0.8432327349255642,0.4756743948825684,0.18542439914225706,0.4284568341240037,-0.3965319078838523,0.4422925691835005,0.9312271872144149,0.007280676545714033,0.37750936395230605,0.2770518539428174,0.3193088197299989,0.5245369061677001,0.5170218952018392,-0.10509354555537849,0.3297089641858531,0.3167607486694359,0.6392317280618229,0.3337537674361652,0.671461082848927,0.7322507226733264,0.06664231424422544,0.5699267641909233,0.36079964454807834,-0.5023697811620356,0.7227724462831825,0.8384352178314071,-0.14240319312480978,0.9060844386264866,-0.09044821171809027,-0.25008771730238566,0.569469480899056,-0.17793461923048304,0.7433096543377787,0.5599654312373205,0.7023699563814048,0.38138353848681467,0.9517929682853586,-0.002563566777201158,-0.05273112271381464,0.12310334024610481,0.5512864346790436,0.18839379370623144,-0.06905447311941078,0.6947110580954506,0.46347795436648453,-0.43796294261717306,0.3104565762464392,0.19688324337601606,0.26085431843963175,0.837429315772266,0.17537680151797103,0.7548470793531132,0.5578878569084412,0.7786604156309263,0.8204771425250156,-0.0855093788400518,0.23526582965027967,0.0305995124730215,0.26361984622470147,0.9148116049921456,0.1782425985975632,0.683533354425983,-0.4290953681576047,-0.09294342490593552,-0.07401517944693138,-0.06888443978227422,0.509292469713653,-0.10723548995687325,-0.043897106935428955,0.3793516756644616,0.2636879749324067,0.6995303738857042,-0.40803395243468554,0.3467738046633658,0.0881486363441461,0.3264597519728862,0.23945459371340969,-0.36760365442870696,0.5527792697406958,-0.009141836604070558,-0.4905285185424341,0.5754495964031596,0.9450948814538003,-0.3981817354461847,0.3414580740508666,-0.3559002528455799,0.6345787722230664,0.12370376243404302,-0.15957482477518733,0.5227109379799233,-0.07721327444310519,0.49423890804679355,0.29601155037002735,-0.12725492125573376
0.11511301383749874,0.40196072264249066,0.6306360758640164,0.7517829486831997,0.27721727283217223,-0.07978622425810859,-0.0773538021833659,0.380537356099956,0.20836368567091035,0.4147920365234961,0.26681569824379114,0.8432327349255642,1.0,0.3673919621626749,0.2598644049601444,0.4067225159971976,-0.45258777363748026,0.7134160773560059,0.6786709974130407,-0.18298261427149798,0.13830704835770705,0.004546861875967654,0.0024293734137401223,0.5827655520823466,0.39490263812454013,-0.43501618485371163,0.4661975647696337,0.10210656954508,0.8632117369141564,0.43688807464638846,0.48039195464161133,0.8555863090741045,0.22028334694227192,0.6185660265565958,0.24367986400331823,-0.2338872602490051,0.8240664393754523,0.5726983948141953,0.03271229045096818,0.7470817021551531,0.300007248511628,0.03988667032998056,0.3924912747273295,-0.1140280290161203,0.7686977837219752,0.8026049620349517,0.5609717614218066,0.36685251282985565,0.803156672421296,0.0006087798236403272,0.4518997176314044,0.1464613991956718,0.42365045481186686,-0.02617797079326668,-0.09578975352565353,0.6191678423849833,0.18586175894409404,-0.4567966151050782,0.3689105466763933,0.05353063208450275,0.4628255176332139,0.7662430016241359,-0.10463263338732202,0.9249050387484365,0.36714275658034157,0.7161863850234913,0.8103397402484276,0.043867663893228805,0.46276778733659607,0.3813955071873878,0.3757626927440954,0.8174741516744383,0.38106725781023587,0.7382997924952979,-0.47337318016023716,0.0796368052566313,-0.15438355100335818,-0.11164081589775149,0.8735229093507871,0.15574951575313475,-0.05429758284408356,0.11805654945708986,0.10920418113430291,0.5691850389436776,-0.5304398670255923,0.3151654298602264,0.061216399854199195,0.5633188823320429,0.4085796711869813,-0.20467605910039874,0.631911333545534,-0.3368661911518774,-0.552707811623503,0.3209224469428198,0.7408611710361392,-0.3623849190671254,0.25106876395580335,-0.41439592552243004,0.7599869379870533,-0.02983302465342601,0.1316318362253703,0.6260245919782537,0.24685422157563072,0.5312825495800056,0.14829350636589603,-0.13163498068896
-0.5060149570665663,0.21394236704249775,0.08466379154554485,0.6286512789243406,0.3316670941327908,0.38403327575419005,-0.4706644943277284,0.12181660413155931,-0.07723636708336405,0.03150010436005724,0.19849813028217098,0.4756743948825684,0.3673919621626749,1.0000000000000002,0.35785039507089783,-0.3132790773963535,-0.7103499717631331,0.08741796266601766,0.48509988580579994,-0.1662708517686645,0.18009276206060698,-0.2963153956517413,0.3548086429145853,0.0749770170637999,-0.13251829169563556,-0.16924846091291174,0.2825055106681204,0.17468766002974964,0.2974985518328711,0.3822375156277241,0.5479473499630477,0.3724310753805557,-0.043215996999679915,0.8062747012826037,-0.121017540556923,-0.07004943514579347,0.472067320866842,0.24362974641277454,0.07511961509422355,0.3772811470603418,-0.07430025869338294,0.10650534473578283,0.43717154704092215,-0.13267149691988497,0.4491771694052128,0.5827795602708871,0.08768751332153357,-0.5087626303839115,0.4323910991054369,-0.08974226736617542,0.14280314009954437,-0.2572754319269324,0.17874317165911877,0.24619588850795235,-0.11021553816724206,0.16132348396276355,0.26979148174927836,-0.33627394097590296,-0.2946392606736728,-0.5551422400715528,0.5416460873755168,0.05677464224926576,0.19060791826963894,0.3190356738138148,-0.09828708403507513,0.19474631258894803,0.17228651002293494,-0.43359241372694035,-0.18139699011319402,0.07894160445126065,0.7462579228277617,0.33986076475582644,0.41805171921528234,0.5039492909491448,-0.4879381065244215,0.21824803073328508,-0.16240880426399532,-0.5324340654881462,0.30612039539893143,0.2255271004713324,-0.3356241125356837,0.1350900559045362,0.3273250587397966,0.228713688048707,-0.615225259886926,0.8458619790962897,-0.6707556766211592,0.35803478747044126,0.6016953993794746,-0.19277224283973435,-0.03348356788233763,0.08356490816460656,-0.5897983991256874,0.5778048825507254,0.4976208882164441,-0.017769165244733293,-0.2124412427586008,0.2927335122895827,0.6660647143418247,0.2161442963779625,0.0343663098033326,-0.11468967940765941,-0.0035381553279343046,0.06861882360222202,-0.04130306441599442,-0.05668900993977841
-0.16764721291111206,0.33460024597350435,0.383008556773105,0.4623687243009018,0.8200822802722745,0.8534115727310988,-0.14449309053188303,0.3248905247716884,0.0972370493177399,-0.4483739552503389,0.8891133734652449,0.18542439914225706,0.2598644049601444,0.35785039507089783,0.9999999999999998,-0.16503264264817083,-0.41692995703900604,0.09465677941489087,0.18922200712448017,-0.006830069327565032,0.3733827409680396,-0.2475303315593271,0.44205248813955517,0.6687702778148588,-0.30437010965312045,-0.15072963281259327,0.09477141663097519,0.1593997424766939,0.27921916984168865,0.44113569793009066,0.4899270971446839,0.21294572429863892,0.6741751998224234,0.49900994788645464,0.45956989641075063,0.19729513271252075,0.5596388877863278,-0.062277657968916884,0.8049768120622981,0.3981102648302898,0.1249265458506546,-0.06054185416292771,0.2956804238705887,-0.053273009178009444,-0.12237111052775784,0.3022687968854622,0.07400524465386703,-0.16212660438462548,0.38094083463725326,0.18011564706852368,0.4113617233516004,0.2390526471169108,-0.1918874894141661,0.09501327727279443,0.7482912892323688,0.06582977820180419,0.041098204780364,0.22226692671229153,-0.06886966394501284,-0.1835697427014093,0.7201460547932242,-0.0820036272132057,0.08641590229190639,0.333298233111267,-0.43335047073956096,-0.0015134363558296803,0.259852650566687,-0.010020182938634829,0.13583012751963544,0.6614995964175481,0.7046518663476895,-0.037297396600011516,0.30131670045341513,0.5847509558673886,0.047097312017401,-0.0064268607767115045,0.2308580492788396,-0.2485521007051248,0.2778626675863043,0.7165200249043411,0.35216462182879527,-0.05219550586567069,0.459428547408639,0.2585300569907475,0.10402379956497519,0.7418092122687915,-0.34456726183910213,-0.08688698311854717,0.6296574416425984,0.45317940102048054,-0.1619721990278663,0.2690255836610646,0.08035792155932478,0.46038718838787746,0.27936016562856336,0.253736509994481,-0.45085121147712004,-0.03515841738872638,0.4299982973941789,0.5136050643356577,0.3546872646594768,-0.03815973590923791,0.05758871230200967,0.36416065350706445,0.44299172792655206,0.5372055303472658
0.04722900928421589,0.26689496414757696,0.526094338624261,0.18759779478893668,-0.16774180635841274,-0.21922440039859323,0.6688673168980598,0.696380140719278,-0.3728586914918302,0.24534167120370337,0.1648650910528115,0.4284568341240037,0.4067225159971976,-0.3132790773963535,-0.16503264264817083,1.0000000000000002,0.19626311784767211,0.2679485500974122,0.48258322864208913,-0.28502811544671325,-0.22887624186062255,0.627792649316413,-0.31649972925915065,0.49100929326588694,0.32345920284890306,0.10132931735846414,-0.3616101296358127,-0.010747096539994238,0.23171595014469717,-0.5325846986504001,-0.21282815541126107,0.5310861172859405,0.16624881085382825,-0.20360597071801395,0.12016422002357112,-0.11490834094093572,0.07738894136069809,0.6384001386842892,-0.34436524083789444,0.3692940284818815,0.00832109301719173,-0.4763891025010849,0.4835501659489793,0.43042993246813804,0.09213856250166573,0.19615906789130563,0.872726246681397,0.6113239191244328,0.49594086117688274,-0.41703845768162007,-0.11823423945676752,0.025232715606855766,0.09996191331000913,-0.46555665290930043,-0.055779844889214864,0.8343128058036285,0.28590947042737314,0.023244863855371233,0.9428987823261005,0.5345428332532478,-0.42290526696683517,0.7976024626881212,-0.07773643954473831,0.3684021508499761,0.3971997979276855,0.7467745296055628,0.5207168602000214,0.7541433898734466,0.808372770701099,0.24438269013814384,-0.5353768027772666,0.5874873510291381,-0.050371075850080355,0.4422751760703551,-0.23700370835006204,0.31622302873210195,0.12618837648629033,0.1307190413346943,0.27496585099416226,-0.5073056865987171,0.48365991257693736,-0.2594351197513599,-0.44251955923778136,-0.025542061903426703,-0.0369926640084379,-0.3964597782994602,0.6808720775533004,0.4137785926845894,-0.5352503119861388,-0.46762218394226024,0.21797761604720398,-0.22446218652572136,-0.09190344152176645,-0.2179266684168451,0.3260034287047013,-0.3787235480143288,0.6025327995459083,-0.543952269550387,-0.1575083315696145,0.37970565311844523,0.25769488135351154,0.3065194298915199,0.35701933505741795,0.716758997432396,-0.0921690370197764,-0.31307920008025614
0.392429608597723,-0.3750389078034022,-0.16629755923294473,-0.5137751174326982,-0.08360893820337645,-0.41423708959399147,0.6314993793764453,0.01710250936408672,0.2550342727654877,0.10793572446051242,-0.27461057033165515,-0.3965319078838523,-0.45258777363748026,-0.7103499717631331,-0.41692995703900604,0.19626311784767211,1.0,-0.3561462274805939,-0.25470246831239446,0.596125956624893,0.1917934355790822,0.5900589111196839,-0.0007128646628703725,-0.036761515465088164,0.475400877452985,0.6386224289310904,-0.12611306712470466,0.07715776558363238,-0.6342405444804623,-0.33616576440350726,-0.23393706564350622,-0.5313167085889815,0.20345314028166325,-0.8210800841340221,0.36541850059392883,0.2563069284405122,-0.402128466152103,-0.08922861491697817,-0.08119279956393505,-0.3970615338600311,0.14066123782529788,0.052835395925506325,-0.12990435346210488,0.2629237296534503,-0.44823552232776215,-0.6015227375850545,-0.15415330138095326,0.602997686254425,-0.33716459050949193,0.38119694778205493,-0.35884078992661456,0.4391531725050541,0.22052279758063284,0.2357184461736038,0.22962776527752568,-0.07778657108993961,0.30316807447841304,0.6933731972777166,0.11634125391269713,0.7390505037877103,-0.6694838858487729,0.01464554741528892,0.41401095817679867,-0.5800183752373175,0.4052996997217215,-0.1467916603500265,-0.013050099648195939,0.3178756374224155,0.0026094122925195704,-0.3082888461316679,-0.7232285994508957,-0.12573157597107876,-0.6455627370627566,-0.34019342487414983,0.7829557012799657,-0.34743392797227185,0.11651265143037576,0.8557220273675268,-0.4848194539795519,-0.2074444895961414,0.4491908072038966,0.13252251754519534,0.041282007982975995,-0.04345807333261066,0.7856736490401444,-0.5716366535870286,0.8067177562189781,-0.41947274451436944,-0.75575346698111,0.1654175626083511,0.10480591833536393,0.38501290266510346,0.7029288071422864,-0.1731786260374614,-0.4096434975254037,0.517065325010928,0.42808923007610594,-0.12778376347050519,-0.5366557321802524,0.014371382237749123,-0.317429231384031,0.3047945626160931,-0.07715982413197296,-0.37165016894920627,0.32332735227860365,0.1918139612864582
0.5560292356343097,0.5695447283861106,0.5920343431105454,0.520105739385619,0.038548106522686774,-0.12466038053838337,0.008467785571288126,0.07154414747986296,0.3818760538285954,0.57317026404242,0.25048369842293333,0.4422925691835005,0.7134160773560059,0.08741796266601766,0.09465677941489087,0.2679485500974122,-0.3561462274805939,1.0,0.32317816283885287,-0.20646334910021508,-0.09662482735216475,0.046331398782249206,-0.027231695531940076,0.4041895241565101,0.27403419296943005,-0.35101044264513054,0.5935423604728829,0.38916393553223777,0.8947004386494818,0.44356121238381807,0.019410186416339188,0.7925681615231405,-0.09893387683625193,0.5601485610874313,0.0736461533653246,0.06366020955219608,0.6317321351137564,0.2194597503774717,0.22493010460606336,0.4032962936997423,0.4630459383731254,0.4156222147530245,0.11832881561916865,0.10684814415369313,0.7384549339878298,0.7116755639659642,0.31117847731150033,0.3010204051350938,0.34563588657102107,0.15191178714657086,0.5970126806440015,0.3509160974887281,0.2661348356510319,-0.04844819808367899,-0.09286070636100567,0.18385681368761644,-0.21160342809556218,-0.44133572103844876,0.35190591107569014,0.1067899212913303,0.5076150809226402,0.46976638215929084,-0.33352002453245316,0.8104142407536385,0.2344003938257146,0.27207784259141543,0.3822091392807664,-0.06663711513831483,0.513228833117317,0.41168678096920364,0.2801567821697064,0.40491961004233923,0.7298588153808555,0.30264898074548285,-0.2602344502310861,0.28675439982847994,-0.22121592715398222,-0.00043025232177518083,0.8178590205117239,0.308897188827676,0.003584623789418452,0.16675479187006428,0.08304397896891619,0.24683811492959146,-0.3692816513402244,0.006484479166428618,0.0505612775011549,0.4504304864239905,0.42112477191453096,0.17663182623595677,0.6962341623884651,-0.43561229933927403,-0.20049415669729953,-0.1483012405319564,0.4014738579718484,-0.2911829745317827,0.225384551967052,0.10126493725280697,0.59112692306883,-0.2865865390467176,0.3175556346705323,0.4527047382413888,0.5415846692150291,0.4827019710447192,0.07145025851369143,0.1555046436587217
-0.3702376882151675,0.045838076546384054,0.33735736073645084,0.8621086576714934,0.34809440483827553,0.007124693362564577,0.3624293836078952,0.7756920105269621,0.029433843354557055,0.22256242787988603,0.2225807451155285,0.9312271872144149,0.6786709974130407,0.48509988580579994,0.18922200712448017,0.48258322864208913,-0.25470246831239446,0.32317816283885287,1.0000000000000002,0.12014227624388499,0.4451514506830032,0.5146291022245234,0.4476734057031743,0.5981546577362682,0.5531377615990726,0.20976262675104182,0.2445552744347511,0.4845638607024639,0.43470770754304844,0.17213396500627148,0.6182547597360079,0.6548508394042474,0.08850365671757385,0.46616490312068826,0.4433747232736511,-0.3335397519891798,0.660221651648358,0.8548910205714925,-0.08678576886137702,0.8433584737285948,-0.09359709354045921,-0.270793021380156,0.7471909555509846,0.06538119785940638,0.6145397110045819,0.49047535173204976,0.73797369934443,0.39654663075575164,0.9262880330135848,0.027229765611675935,-0.20884854711430226,0.22971798616178246,0.6030420794924568,0.28559370734412864,0.08614409178465071,0.7039682812279578,0.6727070912036048,-0.18992391224508937,0.36633922144549075,0.3321315215246433,0.11932415292049275,0.8131839084249702,0.4115153281859103,0.5646205929723184,0.6028484007708992,0.7370131606898883,0.7575580831959908,-0.03714851909206871,0.2995977288575976,-0.023996874899290855,0.17160870981997145,0.8859652968736421,0.12400772203630121,0.6925118029294784,-0.28158963828886,-0.029142674189470426,-0.12153655913809891,0.04170369047764203,0.3268639735991852,-0.16770435238623965,0.19066803183302797,0.39358673360301477,0.3448240857601032,0.6144741209071906,-0.24254905831769208,0.3658338790494756,0.17053937097639557,0.22072491810223224,0.05781261126325746,-0.3586610849792071,0.4736625867024777,0.2412835086523266,-0.3144918509611537,0.5691186700522486,0.8876828213025972,-0.19302595017092475,0.45686539324824815,-0.23415347328331973,0.5547025648978214,0.35779887974474656,-0.16748903772696216,0.47349177019282185,-0.012106538209034408,0.48068383245669694,0.37037061740090305,0.01968401954813613
